    1.00000    0.00000 
    0.99976    0.02181 
    0.99905    0.04362 
    0.99786    0.06540 
    0.99619    0.08716 
    0.99406    0.10887 
    0.99144    0.13053 
    0.98836    0.15212 
    0.98481    0.17365 
    0.98079    0.19509 
    0.97630    0.21644 
    0.97134    0.23769 
    0.96593    0.25882 
    0.96005    0.27983 
    0.95372    0.30071 
    0.94693    0.32144 
    0.93969    0.34202 
    0.93201    0.36244 
    0.92388    0.38268 
    0.91531    0.40275 
    0.90631    0.42262 
    0.89687    0.44229 
    0.88701    0.46175 
    0.87673    0.48099 
    0.86603    0.50000 
    0.85491    0.51877 
    0.84339    0.53730 
    0.83147    0.55557 
    0.81915    0.57358 
    0.80644    0.59131 
    0.79335    0.60876 
    0.77988    0.62592 
    0.76604    0.64279 
    0.75184    0.65935 
    0.73728    0.67559 
    0.72236    0.69151 
    0.70711    0.70711 
    0.69151    0.72236 
    0.67559    0.73728 
    0.65935    0.75184 
    0.64279    0.76604 
    0.62592    0.77988 
    0.60876    0.79335 
    0.59131    0.80644 
    0.57358    0.81915 
    0.55557    0.83147 
    0.53730    0.84339 
    0.51877    0.85491 
    0.50000    0.86603 
    0.48099    0.87673 
    0.46175    0.88701 
    0.44229    0.89687 
    0.42262    0.90631 
    0.40275    0.91531 
    0.38268    0.92388 
    0.36244    0.93201 
    0.34202    0.93969 
    0.32144    0.94693 
    0.30071    0.95372 
    0.27983    0.96005 
    0.25882    0.96593 
    0.23769    0.97134 
    0.21644    0.97630 
    0.19509    0.98079 
    0.17365    0.98481 
    0.15212    0.98836 
    0.13053    0.99144 
    0.10887    0.99406 
    0.08716    0.99619 
    0.06540    0.99786 
    0.04362    0.99905 
    0.02181    0.99976 
    0.00000    1.00000 
   -0.02181    0.99976 
   -0.04362    0.99905 
   -0.06540    0.99786 
   -0.08716    0.99619 
   -0.10887    0.99406 
   -0.13053    0.99144 
   -0.15212    0.98836 
   -0.17365    0.98481 
   -0.19509    0.98079 
   -0.21644    0.97630 
   -0.23769    0.97134 
   -0.25882    0.96593 
   -0.27983    0.96005 
   -0.30071    0.95372 
   -0.32144    0.94693 
   -0.34202    0.93969 
   -0.36244    0.93201 
   -0.38268    0.92388 
   -0.40275    0.91531 
   -0.42262    0.90631 
   -0.44229    0.89687 
   -0.46175    0.88701 
   -0.48099    0.87673 
   -0.50000    0.86603 
   -0.51877    0.85491 
   -0.53730    0.84339 
   -0.55557    0.83147 
   -0.57358    0.81915 
   -0.59131    0.80644 
   -0.60876    0.79335 
   -0.62592    0.77988 
   -0.64279    0.76604 
   -0.65935    0.75184 
   -0.67559    0.73728 
   -0.69151    0.72236 
   -0.70711    0.70711 
   -0.72236    0.69151 
   -0.73728    0.67559 
   -0.75184    0.65935 
   -0.76604    0.64279 
   -0.77988    0.62592 
   -0.79335    0.60876 
   -0.80644    0.59131 
   -0.81915    0.57358 
   -0.83147    0.55557 
   -0.84339    0.53730 
   -0.85491    0.51877 
   -0.86603    0.50000 
   -0.87673    0.48099 
   -0.88701    0.46175 
   -0.89687    0.44229 
   -0.90631    0.42262 
   -0.91531    0.40275 
   -0.92388    0.38268 
   -0.93201    0.36244 
   -0.93969    0.34202 
   -0.94693    0.32144 
   -0.95372    0.30071 
   -0.96005    0.27983 
   -0.96593    0.25882 
   -0.97134    0.23769 
   -0.97630    0.21644 
   -0.98079    0.19509 
   -0.98481    0.17365 
   -0.98836    0.15212 
   -0.99144    0.13053 
   -0.99406    0.10887 
   -0.99619    0.08716 
   -0.99786    0.06540 
   -0.99905    0.04362 
   -0.99976    0.02181 
   -1.00000    0.00000 
   -0.99976   -0.02181 
   -0.99905   -0.04362 
   -0.99786   -0.06540 
   -0.99619   -0.08716 
   -0.99406   -0.10887 
   -0.99144   -0.13053 
   -0.98836   -0.15212 
   -0.98481   -0.17365 
   -0.98079   -0.19509 
   -0.97630   -0.21644 
   -0.97134   -0.23769 
   -0.96593   -0.25882 
   -0.96005   -0.27983 
   -0.95372   -0.30071 
   -0.94693   -0.32144 
   -0.93969   -0.34202 
   -0.93201   -0.36244 
   -0.92388   -0.38268 
   -0.91531   -0.40275 
   -0.90631   -0.42262 
   -0.89687   -0.44229 
   -0.88701   -0.46175 
   -0.87673   -0.48099 
   -0.86603   -0.50000 
   -0.85491   -0.51877 
   -0.84339   -0.53730 
   -0.83147   -0.55557 
   -0.81915   -0.57358 
   -0.80644   -0.59131 
   -0.79335   -0.60876 
   -0.77988   -0.62592 
   -0.76604   -0.64279 
   -0.75184   -0.65935 
   -0.73728   -0.67559 
   -0.72236   -0.69151 
   -0.70711   -0.70711 
   -0.69151   -0.72236 
   -0.67559   -0.73728 
   -0.65935   -0.75184 
   -0.64279   -0.76604 
   -0.62592   -0.77988 
   -0.60876   -0.79335 
   -0.59131   -0.80644 
   -0.57358   -0.81915 
   -0.55557   -0.83147 
   -0.53730   -0.84339 
   -0.51877   -0.85491 
   -0.50000   -0.86603 
   -0.48099   -0.87673 
   -0.46175   -0.88701 
   -0.44229   -0.89687 
   -0.42262   -0.90631 
   -0.40275   -0.91531 
   -0.38268   -0.92388 
   -0.36244   -0.93201 
   -0.34202   -0.93969 
   -0.32144   -0.94693 
   -0.30071   -0.95372 
   -0.27983   -0.96005 
   -0.25882   -0.96593 
   -0.23769   -0.97134 
   -0.21644   -0.97630 
   -0.19509   -0.98079 
   -0.17365   -0.98481 
   -0.15212   -0.98836 
   -0.13053   -0.99144 
   -0.10887   -0.99406 
   -0.08716   -0.99619 
   -0.06540   -0.99786 
   -0.04362   -0.99905 
   -0.02181   -0.99976 
   -0.00000   -1.00000 
    0.02181   -0.99976 
    0.04362   -0.99905 
    0.06540   -0.99786 
    0.08716   -0.99619 
    0.10887   -0.99406 
    0.13053   -0.99144 
    0.15212   -0.98836 
    0.17365   -0.98481 
    0.19509   -0.98079 
    0.21644   -0.97630 
    0.23769   -0.97134 
    0.25882   -0.96593 
    0.27983   -0.96005 
    0.30071   -0.95372 
    0.32144   -0.94693 
    0.34202   -0.93969 
    0.36244   -0.93201 
    0.38268   -0.92388 
    0.40275   -0.91531 
    0.42262   -0.90631 
    0.44229   -0.89687 
    0.46175   -0.88701 
    0.48099   -0.87673 
    0.50000   -0.86603 
    0.51877   -0.85491 
    0.53730   -0.84339 
    0.55557   -0.83147 
    0.57358   -0.81915 
    0.59131   -0.80644 
    0.60876   -0.79335 
    0.62592   -0.77988 
    0.64279   -0.76604 
    0.65935   -0.75184 
    0.67559   -0.73728 
    0.69151   -0.72236 
    0.70711   -0.70711 
    0.72236   -0.69151 
    0.73728   -0.67559 
    0.75184   -0.65935 
    0.76604   -0.64279 
    0.77988   -0.62592 
    0.79335   -0.60876 
    0.80644   -0.59131 
    0.81915   -0.57358 
    0.83147   -0.55557 
    0.84339   -0.53730 
    0.85491   -0.51877 
    0.86603   -0.50000 
    0.87673   -0.48099 
    0.88701   -0.46175 
    0.89687   -0.44229 
    0.90631   -0.42262 
    0.91531   -0.40275 
    0.92388   -0.38268 
    0.93201   -0.36244 
    0.93969   -0.34202 
    0.94693   -0.32144 
    0.95372   -0.30071 
    0.96005   -0.27983 
    0.96593   -0.25882 
    0.97134   -0.23769 
    0.97630   -0.21644 
    0.98079   -0.19509 
    0.98481   -0.17365 
    0.98836   -0.15212 
    0.99144   -0.13053 
    0.99406   -0.10887 
    0.99619   -0.08716 
    0.99786   -0.06540 
    0.99905   -0.04362 
    0.99976   -0.02181 
