   -0.57706    0.11087    3.33794 
    0.32669    0.84789    1.00356 
   -0.63910   -1.39439    2.09440 
   -0.36846   -0.03541    6.21774 
    0.02499   -2.12930    4.64694 
   -0.00000    1.03948    1.57080 
   -0.85005   -0.19460    5.93412 
   -0.00917    0.28201    0.78540 
   -0.25422    0.25454    0.39270 
   -1.27652   -0.77253    3.68701 
    0.86473   -0.04705    0.13090 
   -0.51128   -0.32658    0.89448 
    0.24247    0.34089    3.49066 
    0.14177   -0.29263    2.31256 
   -0.09306    0.02522    3.81791 
   -0.23670    0.06707    2.96706 
    0.70679   -0.61826    3.73064 
    1.17835   -0.42769    0.89448 
   -0.33761   -0.01402    1.19991 
   -0.22665   -0.58894    1.81078 
   -0.54630   -1.74587    5.23599 
    0.02812    0.66815    1.94168 
   -0.31636    0.62084    3.81791 
    0.40423   -1.85012    4.14516 
   -0.00937    0.66867    4.69057 
    0.72680   -0.31186    6.10865 
   -0.07197   -0.69672    2.66163 
    0.27955   -0.07297    2.50891 
   -0.04175   -1.74027    4.62512 
   -0.39753   -1.74901    2.18166 
    0.41249    0.05103    0.08727 
   -0.38184   -0.05858    3.29431 
   -0.44825   -0.16873    5.67232 
   -0.01189   -0.03394    6.13047 
    0.06258    1.66557    1.28718 
   -0.13777    1.30415    1.19991 
   -0.28852   -0.79786    0.67632 
    0.10176    0.03009    2.09440 
    0.47549   -1.06338    5.19235 
    0.77033   -0.08115    0.08727 
   -0.47195   -0.00624    3.09796 
   -1.04005    0.30762    5.73777 
    0.00000   -0.08067    1.57080 
    0.74706    1.15480    3.73064 
   -0.18721    0.03205    2.61799 
   -0.11204   -0.30562    3.73064 
   -0.44836    0.17291    2.87979 
   -0.67563   -0.57034    0.52360 
   -0.11728   -0.05113    3.31613 
   -0.47701   -1.17633    1.11265 
   -0.18857   -0.15360    5.49779 
   -0.76509   -0.46106    3.70882 
   -0.20131   -0.17702    3.46884 
   -1.13687    0.09307    5.73777 
    0.26983    0.91503    2.13803 
   -1.16312   -0.62495    5.58505 
   -0.37137    0.43899    2.48709 
    0.12668   -0.98806    3.62156 
    1.07125    0.19437    0.37088 
   -0.00542    0.12225    1.85441 
    0.00000   -0.35244    1.57080 
   -1.10794    0.09636    3.27249 
    1.02798   -0.08881    2.74889 
    0.29619    0.02863    3.40339 
    0.37560   -0.22643    2.83616 
   -0.65412   -0.13183    2.55254 
   -0.46513    0.61709    2.83616 
    0.00651    0.73788    4.99600 
    0.39490    0.18052    3.57792 
   -0.10015    0.13093    1.81078 
   -1.03200    0.84575    0.74176 
   -0.16622   -0.12586    1.91986 
   -0.61089   -0.40439    5.89049 
    0.15543   -1.01185    5.47597 
    0.39903   -0.04633    6.19592 
   -0.04395   -0.28161    3.64337 
   -1.13328    0.00000    0.00000 
    0.05330   -0.34316    1.37445 
   -0.62145   -1.41940    1.15628 
   -0.14473   -1.58207    1.70170 
   -1.20855   -0.28612    0.69813 
   -0.73954   -0.52405    0.43633 
   -0.99380   -0.04875    0.21817 
   -0.71560    0.03349    4.10152 
    0.09627    0.84067    1.65806 
    0.45055   -0.07082    2.68344 
    0.10132   -0.56343    4.79966 
   -0.00625    0.28232    0.47997 
    0.27587    0.14083    1.22173 
    0.03710   -1.30900    4.62512 
   -1.42315   -0.00842    0.17453 
   -0.01881   -0.50305    4.10152 
    1.27020   -0.52928    0.63268 
   -0.66801   -0.51153    4.03607 
    0.47648    0.61609    4.16697 
   -0.58655   -0.00000    0.00000 
   -0.04948    1.06321    5.14872 
    0.73548   -0.21793    0.30543 
   -0.58706   -0.12530    5.65050 
   -1.14223    0.61686    3.68701 
